*** fsm dump created by fsm_dump
*** Flite version: flite-1.1-release December 2001
*** 
*** Portions Copyright 2001,2002 Sun Microsystems, Inc.
*** Portions Copyright 1999-2001 Language Technologies Institute, 
*** Carnegie Mellon University.
*** All Rights Reserved.  Use is subject to license terms.
*** 
*** See the file "license.terms" for information on usage and
*** redistribution of this file, and for a DISCLAIMER OF ALL 
*** WARRANTIES.
*** Dumped on Jan 18 2002

VOCAB_SIZE 128
NUM_OF_TRANSITIONS 203
TRANSITIONS 291 0 3064 3057 3322 3050 4470 4971 6004 7159 7654 8295 9328 10476 10995 13160 13938 14308 15458 16227 17102 17622 0 17622 0 3062 3063 3052 17779 3048 18020 3042 17622 0 3052 3058 17622 0 3050 3063 3052 3048 3058 3022 17622 0 3050 3062 3051 3063 18291 18664 19186 17622 0 3048 3058 17622 0 3050 3052 3058 17622 0 3050 3063 3052 3048 19186 3022 17622 0 3060 19558 3052 3059 4456 19186 3022 17622 0 3052 3048 17622 0 3057 19962 3050 3062 4459 20340 3063 3046 18023 20720 3052 21352 3058 21987 3022 17622 0 3063 3052 3059 3058 17622 0 3048 17622 0 3066 3050 3062 3063 3052 3048 3058 17622 0 3050 3052 3048 3058 17622 0 3066 3063 3052 4456 3058 17622 0 3058 22627 17622 0 0 24803 0 3058 0 24803 17622 0 3063 3058 17622 0 3066 17622 0 3052 17622 0 25059 17622 0 3058 17622 0 3052 3048 3058 17622 0 3052 3058 24803 17622 0 3052 25320 3058 17622 0 3057 3062 3051 3060 3063 3046 4455 13936 3052 3048 3058 3044 20322 4451 3022 17622 0 3048 0 3066 0 3063 3052 3058 3022 17622 0
