*** fsm dump created by fsm_dump
*** Flite version: flite-1.1-release December 2001
*** 
*** Portions Copyright 2001,2002 Sun Microsystems, Inc.
*** Portions Copyright 1999-2001 Language Technologies Institute, 
*** Carnegie Mellon University.
*** All Rights Reserved.  Use is subject to license terms.
*** 
*** See the file "license.terms" for information on usage and
*** redistribution of this file, and for a DISCLAIMER OF ALL 
*** WARRANTIES.
*** Dumped on Jan 18 2002

VOCAB_SIZE 128
NUM_OF_TRANSITIONS 454
TRANSITIONS 291 0 3050 3313 3830 4194 4986 6374 7288 8048 8936 3063 10467 11243 12532 14828 17127 18020 19187 21490 22350 23766 0 23766 0 3811 3022 23766 0 3058 23766 0 3042 3052 3058 3022 23766 0 3066 3046 23907 24564 3052 25444 25843 3058 3022 23766 0 26214 26992 27500 3058 3022 23766 0 3064 3052 3058 3022 23766 0 25840 3052 3059 3058 3022 23766 0 3042 27888 28515 3051 29428 27879 25828 31091 31602 3022 23766 0 3052 3059 3058 3022 23766 0 3066 3063 27875 3051 3052 31859 3058 3022 23766 0 3042 32762 33254 3064 27888 33896 3063 25827 3819 26996 34284 25831 34788 35443 27506 36686 23766 0 3050 3062 3042 37498 25840 37864 3063 38243 38507 39028 3820 25831 25828 39795 3058 3022 23766 0 3048 3052 25831 3058 27470 23766 0 3066 3048 3063 40172 3044 3058 3790 23766 0 3062 4194 3066 40678 41328 42216 3063 10467 43115 44148 46316 47207 47844 3827 48754 49358 23766 0 3062 3048 3060 3059 3058 23766 0 3050 3066 50536 3063 3052 3047 3059 3058 3790 23766 0 0 51066 3058 3022 23766 0 3060 3052 3059 3058 3790 23766 0 3066 23766 0 3022 23766 0 38256 3052 3058 3022 23766 0 3058 3022 23766 0 3048 23766 0 3052 3058 3022 23766 0 3828 3052 51315 3058 3022 23766 0 52342 52582 3064 3056 52968 3063 3052 38247 3044 3058 3790 23766 0 3052 3058 23766 0 3058 0 3062 3060 3052 3058 3022 23766 0 31604 3059 3058 0 3046 3052 3022 23766 0 53219 3047 0 3048 3058 23766 0 3052 3058 3790 23766 0 3810 3824 3051 3052 25831 3044 3058 53582 23766 0 54132 52580 3059 3058 23766 0 3060 3022 0 54371 23766 0 3022 0 3043 3058 3022 0 3060 3059 3058 3022 23766 0 3063 3059 0 3043 3058 23766 0 3046 27500 3058 23766 0 3056 3052 3059 3058 3022 23766 0 27888 3811 3051 54772 3047 23766 0 3063 26979 3052 3059 3058 3022 23766 0 3042 3066 3046 3064 27888 56168 3063 25827 3060 3052 3047 56548 3827 3058 3022 23766 0 3062 3048 3063 3052 3058 23766 0 3047 3058 3022 23766 0 3063 53612 3044 3058 56910 23766 0 3048 54131 3058 23766 0 50536 3063 3052 3047 3059 27506 3022 23766 0 3060 3047 23766 0 31603 0 57338 3051 57588 3052 3058 3022 23766 0 3052 0 3052 23766 0 3047 0 31603 23766 0 3063 3058 23766 0 3059 0 3059 23766 0 3046 3064 3056 3063 3052 38247 25828 3058 3022 23766 0 3043 3047 0 3058 3022 0 3063 23766 0 38260 0 3060 3058 3022 23766 0
